0.000668212890624881
0.000626464843749869
0.000734619140624893
0.000722412109374848
0.000696044921874861
0.000745849609374849
0.000662597656249875
0.000658203124999895
0.000662353515624881
0.000617431640624860
0.000786376953124834
0.000739746093749855
0.000739501953124888
0.000648681640624843
0.000623046874999839
0.000770996093749837
0.000618896484374881
0.000870117187499853
0.00111572265624979
0.00130590820312476
0.000977294921874872
0.000676025390624863
0.000306640624999965
0.000168701171874980
0.000156738281249985
0.000634765624999895
0.00104687499999981
0.000945068359374829
0.000715087890624883
0.000655761718749870
0.000532226562499932
0.000730712890624846
0.000785400390624830
0.000942626953124803
0.000641601562499899
0.000507080078124916
0.000623779296874877
0.000726562499999861
0.000791015624999863
0.000754638671874836
0.000636718749999876
0.000754150390624847
0.000570312499999892
0.000606445312499870
0.000659423828124867
0.000815673828124863
0.000683349609374911
0.000708251953124822
0.000597412109374890
0.000695312499999878
0.000644775390624908
0.000720947265624827
0.000623291015624916
0.000759277343749809
0.000670898437499901
0.000783935546874837
0.000598876953124883
0.000693603515624891
0.000676025390624890
0.000668457031249903
0.000706542968749835
0.000590087890624869
0.000562988281249899
0.000793212890624839
0.000902587890624834
0.00336328124999932
0.0160913085937472
0.0586916503906170
0.153315673828134
0.298777832031324
0.449239746093857
0.518526855468868
0.443579833984482
0.253547851562560
0.0583637695312420
-0.0311818847656170
0.00861572265624841
0.100988525390614
0.142776367187502
0.0965839843749891
0.0169206542968721
-0.0214638671874950
-0.00102490234374975
0.0382548828124942
0.0482199707031181
0.0255483398437458
0.00235400390624951
0.00225512695312455
0.0168054199218721
0.0237995605468710
0.0169631347656221
0.00830761718749845
0.00813916015624847
0.0140161132812475
0.0153122558593723
0.0103103027343731
0.00565234374999893
0.00725366210937362
0.0109699707031230
0.0110117187499980
0.00712377929687369
0.00458740234374913
0.00711206054687366
0.0102163085937481
0.00927856445312331
0.00539306640624895
0.00314282226562437
0.00501440429687403
0.00792480468749857
0.00760961914062355
0.00495385742187404
0.00367016601562431
0.00508837890624903
0.00729687499999865
0.00658715820312378
0.00373608398437425
0.00199633789062464
0.00343652343749931
0.00604272460937386
0.00710253906249866
0.00603491210937387
0.00496997070312405
0.00515527343749903
0.00546728515624897
0.00457299804687414
0.00303833007812437
0.00206762695312460
0.00330541992187439
0.00483544921874907
0.00493579101562408
0.00307983398437442
0.00138354492187473
0.00129150390624974
0.00243774414062450
0.00365161132812428
0.00343164062499932
0.00262841796874949
0.00211376953124956
0.00201708984374963
0.00240014648437453
0.00235278320312454
0.00230712890624957
0.00229296874999957
0.00253784179687450
0.00256005859374953
0.00231469726562450
0.00209570312499963
0.00209716796874959
0.00217602539062459
0.00202026367187461
0.00166772460937464
0.00174877929687464
0.00190136718749964
0.00228051757812456
0.00217944335937462
0.00196362304687464
0.00152929687499970
0.00135913085937472
0.00153295898437469
0.00184765624999964
0.00202539062499962
0.00185253906249960
0.00190795898437462
0.00181152343749966
0.00151245117187471
0.00130957031249976
0.00126391601562478
0.00161523437499969
0.00188964843749964
0.00194165039062458
0.00179614257812466
0.00145068359374972
0.00130053710937475
0.00136645507812475
0.00154858398437474
0.00164062499999967
0.00157592773437470
0.00157446289062468
0.00149584960937477
0.00150781249999973
0.00145507812499973
0.00151000976562471
0.00144067382812474
0.00145898437499969
0.00141943359374971
0.00154248046874969
0.00160205078124970
0.00162011718749966
0.00145239257812468
0.00147021484374973
0.00136474609374973
0.00129711914062475
0.00129345703124978
0.00145410156249970
0.00143212890624972
0.00157373046874970
0.00146166992187471
0.00131567382812475
0.00110888671874979
0.00123217773437476
0.00123071289062476
0.00147290039062473
0.00141113281249974
0.00146630859374972
0.00126391601562478
0.00118090820312478
0.00117651367187480
0.00120312499999975
0.00123461914062475
0.00124951171874974
0.00132519531249972
0.00129101562499973
0.00123901367187476
0.00115258789062481
0.00109985351562478
0.00124511718749978
0.00109643554687477
0.00118334960937475
0.00110400390624973
0.00124658203124975
0.00104565429687478
0.00122509765624973
0.00105346679687476
0.00113037109374975
0.000973632812499820
0.00103613281249978
0.00108203124999978
0.000957763671874806
0.00112841796874980
0.000916015624999794
0.00106152343749980
0.000975341796874779
0.000946044921874806
0.000866699218749850
0.000804687499999846
0.000967285156249831
0.000975341796874807
0.00104394531249979
0.000928466796874833
0.000864746093749813
0.000896240234374873
0.000943603515624808
0.000814453124999864
0.00102343749999981
0.000893554687499854
0.000924804687499808
0.000887207031249809
0.000893310546874832
0.000948486328124804
0.000869384765624814